#     A         C         D         E         F         G         H         I         K         L         M         N         P         Q         R         S         T         V         W         Y
      0    0.1677    4.4352    5.5633    0.5979    1.8685    0.0050    0.0050    0.5928    0.1602    0.0050    0.6175    1.0098    0.0050    0.0745    8.5942   24.1422   24.8094    0.0050    0.0050
 0.1677         0    0.0050    0.0050    0.3630    0.0490    0.0050    0.0050    0.0050    0.0050    0.0050    0.0605    0.0050    0.0050    2.8636    1.1220    0.0050    0.0050    5.4989    8.3483
 4.4352    0.0050         0   12.1233    0.0050   10.3969    2.3178    0.1451    0.8943    0.0050    0.0050   29.4087    0.0050    0.0050    0.0675    0.4279    0.6304    2.9179    0.0050    2.2815
 5.5633    0.0050   12.1233         0    0.0050   14.7801    0.0050    0.0391   23.9626    0.1298    0.0050    0.2015    0.0050    3.2066    0.0252    0.0050    0.4587    2.1995    0.0050    0.0050
 0.5979    0.3630    0.0050    0.0050         0    0.0050    0.0050    1.4829    0.0050    7.4878    0.0050    0.0050    0.0342    0.0050    0.0050    4.2794    0.1145    2.2800    0.0050    4.1273
 1.8685    0.0490   10.3969   14.7801    0.0050         0    0.0050    0.0050    0.2794    0.0490    0.0490    0.0605    0.0050    0.0605   13.4379    6.2797    0.0490    2.7962    2.8258         0
 0.0050    0.0050    2.3178    0.0050    0.0050    0.0050         0    0.0050    0.2241    1.7638    0.0050    8.5988   13.9444   18.5465    6.8441    0.7252    0.9596    0.8275    0.0050   47.4889
 0.0050    0.0050    0.1451    0.0391    1.4829    0.0050    0.0050         0    0.8175    9.1025   17.3064    0.9870    0.0050    0.0342    1.3407    0.7401    9.3635   24.8231    0.0050    0.1145
 0.5928    0.0050    0.8943   23.9626    0.0050    0.2794    0.2241    0.8175         0    0.0050    4.0956   10.6655    0.1119   13.0705   39.8897    0.0050    4.0480    0.1281    0.0050    0.0050
 0.1602    0.0050    0.0050    0.1298    7.4878    0.0490    1.7638    9.1025    0.0050         0   11.3839    0.0050    9.8309    2.8905    0.5868    6.1440    0.0050    2.9534    1.3703    0.0050
 0.0050    0.0050    0.0050    0.0050    0.0050    0.0490    0.0050   17.3064    4.0956   11.3839         0    0.2015    0.0050    0.0050    3.2865    0.3926    7.4131   14.7683    0.0050    0.5792
 0.6175    0.0605   29.4087    0.2015    0.0050    0.0605    8.5988    0.9870   10.6655    0.0050    0.2015         0    0.3448    0.3421    0.1602   14.5699    4.5421    0.0745    0.0050    5.0000
 1.0098    0.0050    0.0050    0.0050    0.0342    0.0050   13.9444    0.0050    0.1119    9.8309    0.0050    0.3448         0    3.0450    0.4047   14.2490    4.3370    0.0050    0.0050    0.0050
 0.0050    0.0050    0.0050    3.2066    0.0050    0.0605   18.5465    0.0342   13.0705    2.8905    0.0050    0.3421    3.0450         0   10.6746    0.1602    0.2031    0.0050    0.0443    0.0050
 0.0745    2.8636    0.0675    0.0252    0.0050   13.4379    6.8441    1.3407   39.8897    0.5868    3.2865    0.1602    0.4047   10.6746         0    8.3502    0.9282    0.2794    5.9656         0
 8.5942    1.1220    0.4279    0.0050    4.2794    6.2797    0.7252    0.7401    0.0050    6.1440    0.3926   14.5699   14.2490    0.1602    8.3502         0    6.3408    0.8626    1.1016    0.9331
24.1422    0.0050    0.6304    0.4587    0.1145    0.0490    0.9596    9.3635    4.0480    0.0050    7.4131    4.5421    4.3370    0.2031    0.9282    6.3408         0    0.0050    0.0050    0.4906
24.8094    0.0050    2.9179    2.1995    2.2800    2.7962    0.8275   24.8231    0.1281    2.9534   14.7683    0.0745    0.0050    0.0050    0.2794    0.8626    0.0050         0    0.0050    1.3548
 0.0050    5.4989    0.0050    0.0050    0.0050    2.8258    0.0050    0.0050    0.0050    1.3703    0.0050    0.0050    0.0050    0.0443    5.9656    1.1016    0.0050    0.0050         0    0.0050
 0.0050    8.3483    2.2815    0.0050    4.1273    0.0050   47.4889    0.1145    0.0050    0.0050    0.5792    5.0648    0.0050    0.0050    0.0050    0.9331    0.4906    1.3548    0.0050         0
